3.14159265359,6.28318530718,9.42477796077,12.5663706144,15.7079632679,18.8495559215,21.9911485751,25.1327412287,28.2743338823,31.4159265359,34.5575191895,37.6991118431,40.8407044967,43.9822971503,47.1238898038,50.2654824574,53.407075111,56.5486677646,59.6902604182,62.8318530718
4.49340945791,7.72525183694,10.9041216594,14.0661939128,17.2207552719,20.3713029593,23.5194524987,26.6660542588,29.8115987909,32.9563890398,36.1006222444,39.2444323612,42.3879135681,45.531134014,48.674144232,51.8169824873,54.9596782879,58.1022547545,61.2447302604,64.3871195906
5.76345919689,9.09501133048,12.3229409706,15.5146030109,18.6890363554,21.8538742227,25.0128032023,28.167829708,31.3201417074,34.4704883313,37.6193657536,40.7671158214,43.9139818114,47.0601416128,50.2057283367,53.3508435853,56.4955662618,59.6399585796,62.7840702562,65.927941503
6.9879320005,10.4171185474,13.6980231532,16.9236212852,20.1218061745,23.3042469889,26.4767636645,29.6426045403,32.8037323852,35.9614058047,39.1164701903,42.2695149778,45.4209639723,48.5711298516,51.7202484304,54.8685009575,58.0160290641,61.1629450448,64.3093390907,67.4552844798
8.18256145257,11.7049071546,15.0396647076,18.3012559595,21.5254177334,24.7275655478,27.9155761994,31.0939332141,34.2653900861,37.4317367682,40.5941896534,43.7536054311,46.9106054901,50.0656518347,53.2190952897,56.3712071531,59.5222005874,62.6722454407,65.821478743,68.970012285
9.35581211104,12.9665301728,16.3547096394,19.6531521018,22.9045506479,26.1277501372,29.3325625786,32.5246612886,35.7075769531,38.8836309555,42.0544164128,45.2210650159,48.3844038606,51.5450520426,54.7034825077,57.8600629728,61.0150837723,64.168777273,67.3213317037,70.4729011938
10.5128354081,14.2073924588,17.6479748702,20.9834630689,24.2627680424,27.5078683649,30.7303807316,33.9371083026,37.1323317249,40.3188925092,43.4987571413,46.673332925,49.8436551888,53.0105034817,56.1744764965,59.3360419635,62.4955708012,65.6533610594,68.8096550588,71.9646518901
11.6570321925,15.4312892103,18.9229991985,22.2953480191,25.6028559538,28.870373347,32.1111962397,35.3331941827,38.5413648517,41.7390528671,44.9285896767,48.111654555,51.2894900803,54.4630367429,57.6330202625,60.8000100548,63.9644594582,67.1267340677,70.2871321102,73.4458993623
12.790781712,16.6410028815,20.1824707649,23.591274818,26.9270407788,30.2172627094,33.4768008195,36.7145291272,39.9361278109,43.1454250176,46.3451060653,49.5371160745,52.7229017097,55.9035630242,59.0799524622,62.2527414665,65.4224665093,68.5895616505,71.7543820408,74.9172211939
13.9158226105,17.8386431992,21.4284869721,24.8732139239,28.23713436,31.5501883818,34.8286965377,38.0824790873,41.3178646902,44.5391446334,47.7493457344,50.9506714535,54.1447680563,57.3328925814,60.516022838,63.6949317159,66.8702387401,70.0424466703,73.2119680108,76.3791445561
15.0334693037,19.0258535361,22.6627206581,26.1427676434,29.5346341078,32.8705345977,36.1681571359,39.43821448,42.6876512847,45.9212017638,49.1422214247,52.3531638708,55.5558697207,58.7517496714,61.9419048385,65.1272083475,68.3083621338,71.4859373958,74.6604039858,77.8321521434
16.1447429423,20.2039426328,23.886530756,27.4012592589,30.8207940865,34.1794746665,37.4962736358,40.7827470981,44.0464252109,47.2924656053,50.5245397256,53.7453428658,56.9569043527,60.160784768,63.3582060271,66.5501398542,69.7373695586,72.9205341597,76.1001605323,79.2766872393
17.2504547841,21.3739721812,25.101038521,28.6497962617,32.0966767254,35.4780131752,38.8139888812,42.1169585325,45.3950094399,48.6537041118,51.8970175245,55.1278782244,58.3484984443,61.5605846363,64.7654767358,67.9642431481,71.1577472498,74.3466950093,77.5316697642,80.7131580653
18.3512614959,22.5368170711,26.3071815612,29.889316321,33.363191239,36.7670179392,40.1221241286,43.4416223753,46.7341309218,50.0055997011,53.2602953223,56.5013713281,59.7312170537,62.9516807071,66.1642173111,69.3699898602,72.5699403103,75.7648405291,78.9553295878,82.1419415314
19.4477031081,23.6932080375,27.5057530808,31.1206214136,34.6211227,38.0472445886,41.4213998125,44.7574217886,48.0644355002,51.3487619649,54.614948114,57.8663645102,61.1055718874,64.3345560879,67.5548842231,70.7678116849,73.9743574049,77.1753579793,80.3715073635,83.563386487
20.540229825,24.8437625976,28.6974309936,32.3444036366,35.8711544006,39.3193557608,42.7124519715,46.0649635694,49.3864999788,52.6837380543,55.9614943578,59.2233488311,62.4720280659,65.7096514739,68.9378952482,72.1581049409,75.371374788,78.578604865,81.7805430787,84.9778165501
21.6292214366,25.9890079764,29.8827999237,33.5612650492,37.1138853016,40.5839362782,43.9958453949,47.3647895257,50.7008419785,54.0110212379,57.3004034265,60.5727705871,63.8310098273,67.0773701619,70.3136338919,73.5412344847,76.7613397775,79.9749120292,83.1827521103,86.3855325817
22.715001675,27.1293984123,31.0623681051,34.7717331467,38.3498438245,41.8415052904,45.2720842528,48.6573857682,52.0079280592,55.331058012,58.6321018453,61.915036795,65.1829053643,68.4380823278,71.6824531821,74.9175370846,78.1445737646,81.3645863447,84.5784276383,87.7868148555
23.7978490341,28.2653284366,32.236580553,35.9762730867,39.5794988809,43.09252609,46.5416207764,49.9431903641,53.3081804655,56.6442540505,59.9569785471,63.2505198443,66.5280709502,69.7921286963,73.0446789406,76.2873243451,79.5213748333,82.7479130669,85.9678427643,89.1819249701
24.8780050582,29.3971432134,33.4058294617,37.1752974601,40.8032687865,44.3374141252,47.8048624063,51.2225996929,54.6019827713,57.9509792173,61.275389329,64.5795614648,67.8668344793,71.1398237043,74.4006126172,77.6508852502,80.8920200494,84.1251578982,87.3512523775,90.5711075386
25.955680785,30.5251466952,34.5704625115,38.3691741852,42.0215285333,45.5765435956,49.0621777272,52.4959737631,55.8896846337,59.2515718166,62.5876606531,65.9024761299,69.199498517,72.4814582419,75.7505337556,79.0084883875,82.2567674694,85.4965688058,88.7288948029,91.9545916871
27.0310618214,31.6496081325,35.7307895744,39.5582329447,43.2346157755,46.8102529283,50.3139014312,53.7636406904,57.1716058234,60.5463422169,63.894092906,67.2195539895,70.5263429437,73.8173020365,77.0947021483,80.3603838984,83.6158579086,86.8623776289,90.1009932641,93.3325923873
28.1043123877,32.7707673242,36.8870881797,40.742770482,44.4428357958,48.0388493544,51.5603384967,55.0259004918,58.448039661,61.8355759577,65.1949632074,68.5310634105,71.8476272531,75.1476057363,78.4333597267,81.7068051955,84.9695165047,88.2228015024,91.467757183,94.7053116458
29.1755785769,33.8888388941,38.0396080084,41.9230549936,45.6464656563,49.2626127634,52.8017677296,56.2830283213,59.7192559622,63.1195364282,66.4905278428,69.8372531866,73.1635925615,76.4726027374,79.7667322253,83.0479704801,86.3179541028,89.5780441246,92.8293833406,96.0729395679
30.2449910046,35.0040158047,39.1885746188,43.0993297989,46.8457576922,50.4817989666,54.0384447814,57.5352772423,60.9855035761,64.3984671848,67.7810243793,71.1383544688,74.4744633692,77.7925107931,81.0950306522,84.384084088,87.6613684884,90.9282968872,94.1860569147,97.4356553121
31.3126669843,36.1164722674,40.3341925574,44.2718164277,48.0409424692,51.6966424791,55.2706047351,58.7828806163,62.2470125826,65.6725939676,69.0666735135,72.4345824579,75.7804491116,79.1075334349,82.4184525929,85.7153376855,88.9999454862,92.2737398863,95.5379524108,98.7936279483
32.3787123272,37.2263661716,41.4766479748,45.440717233,49.2322313044,52.9073589023,56.4984643329,60.0260541703,63.5039962022,66.9421264616,70.3476806918,73.7261378951,77.0817455289,80.4178612323,83.7371833689,87.0419113369,90.3338599436,93.6145428295,96.8852344998,100.147017232
33.4432228422,38.3338411253,42.616110839,46.606217617,50.4198184238,54.1141469759,57.7222239038,61.2649977942,64.7566524654,68.2072598403,71.6242375368,75.0132083779,78.3785358805,81.7236729133,85.0513970718,88.3639744588,91.6632766128,94.9508658516,98.2280587725,101.495974303
34.5062855955,39.4390281815,43.7527368198,47.7684879364,51.6038828209,55.3171903535,58.9420690391,62.4998971106,66.0051656741,69.4681761241,72.896523107,76.2959695266,79.6709920248,83.0251363633,86.361257488,89.6816866765,92.9883509439,96.2828602494,99.5665724218,102.840642319
35.5679799741,40.5420473054,44.8866689007,48.927685142,52.7845898636,56.5166591452,60.158172055,63.7309248499,67.2497076893,70.7250453808,74.1647050124,77.5745860215,80.9592753817,84.3224095184,87.6669189277,90.9951985934,94.3092297997,97.6106691466,100.900914861,104.181157032
36.6283785897,41.6430086311,46.0180387664,50.0839541971,53.9620926908,57.7127112642,61.3706932749,64.9582420604,68.4904390671,71.9780267878,75.4289404076,78.8492125272,82.2435377934,85.615641167,88.9685269708,92.3046524854,95.6260521018,98.9344280952,102.231218283,105.517647309
37.6875480518,42.7420135405,47.1469680015,51.237429309,55.1365334306,58.9054936068,62.5797821565,66.1819991773,69.7275100653,73.2272695779,76.6893768757,80.1199945199,83.5239222967,86.9049716699,90.2662191386,93.6101829275,96.9389494155,100.254265621,103.557608172,106.850235607
38.7455496307,43.8391555961,48.2735691318,52.3882350032,56.3080442678,60.0951430899,63.7855782873,67.4023369686,70.9610615382,74.472913881,77.9461532197,81.3870690285,84.8005638171,88.1905336096,91.5601255012,94.9119173614,98.2480464806,101.570303722,104.880203768,108.179038414
39.8024398308,44.9345213508,49.3979465316,53.5364870643,57.4767483825,61.2817875668,64.9882122661,68.6193873762,72.1912257342,75.7150914775,79.1994001716,82.650565301,86.0735897936,89.4724523767,92.8503692266,96.2099766106,99.5534616941,102.882658318,106.199118488,109.504166639
40.8582708867,46.0281910528,50.5201972185,54.6822933633,58.6427607777,62.4655466381,66.187806486,69.8332742658,73.4181270086,76.9539264735,80.4492410295,83.9106054048,87.3431207443,90.7508467009,94.1370670804,97.5044753491,100.85530755,104.191439665,107.514460318,110.825725982
41.9130911963,47.120239263,51.6404115521,55.8257545868,59.8061890129,63.646532372,67.3844758328,71.0441140962,74.6418824622,78.1895359073,81.6957922322,85.1673047695,88.6092707774,92.0258291328,95.4203298783,98.7955225274,102.15369104,105.496752733,108.826332165,112.143817268
42.9669456986,48.2107353974,52.7586738489,56.966964883,60.9671338547,64.8248499464,68.5783283084,72.2520165204,75.8626025164,79.422030296,82.9391638777,86.4207726778,89.8721480555,93.297506482,96.7002628998,100.083221763,103.448714024,106.798697553,110.134832185,113.45853675
44.0198762055,49.2997442044,53.8750629278,58.1060124348,62.1256898572,66.0005982219,69.7694655896,73.4570849247,77.0803914295,80.6515141295,84.1794601926,87.6711127104,91.1318552171,94.5659802157,97.9769662652,101.367671695,104.740473559,108.097369531,111.440054083,114.769976398
45.0719216943,50.3873261876,54.9896525936,59.2429799707,63.2819458801,67.173870256,70.9579835304,74.6594169147,78.2953477645,81.8780863167,85.4167799582,88.9184231515,92.3884897612,95.8313468231,99.25053528,102.648966313,106.029062216,109.392859743,112.742087386,116.078224154
46.1231185661,51.4735379811,56.1025120671,60.3779452205,64.4359855526,68.3447537645,72.1439726145,75.859104754,79.5075648114,83.1018405915,86.6512168975,90.1627973572,93.6421443977,97.0936981485,100.521060751,103.927195252,107.314568359,110.685255203,114.041017703,117.383364177
47.1735008745,52.5584326825,57.2137063701,61.5109813239,65.5878876902,69.5133315369,73.3275183628,77.0562357614,80.7171309708,84.3228658802,87.8828600275,91.4043240923,94.8929073677,98.3531216956,101.788629277,105.202444073,108.597076406,111.974639111,115.336926951,118.685477066
48.2231005297,53.6420601514,58.3232966691,62.6421571972,66.7377266703,70.6796818119,74.5087017036,78.2508926706,81.924130102,85.5412466378,89.1117939812,92.6430878375,96.1408627377,99.6097009081,103.053323512,106.47479451,109.876667072,113.261091078,116.629893582,119.984640063
49.2719474801,54.7244672753,59.4313405847,63.7715378634,67.8855727706,71.8438786164,75.687599307,79.4431539576,83.1286418406,86.7570631532,90.3380993015,93.8791690716,97.3860906685,100.863515426,104.315222414,107.744324711,111.153417589,114.544687343,117.919992777,121.280927246
50.3200698744,55.8056982091,60.537892469,64.8991847499,69.0314924754,73.0059920733,76.8642838891,80.6330941384,84.3307418876,87.9703918297,91.5618527103,95.1126445295,98.6286676628,102.114641322,105.574401468,109.011109446,112.42740191,115.825500963,119.207296635,122.574409706
51.3674942079,56.8857945903,61.643003657,66.0251559579,70.1755487534,74.166088681,78.0388244895,81.8207840408,85.5305022741,89.1813054404,92.7831273559,96.3435874401,99.868666793,103.363151322,106.830932897,110.275220309,113.698690904,117.103601999,120.491874345,123.865155711
52.4142454532,57.9647957326,62.7467226929,67.1495065064,71.31780131,75.3242315676,79.2112867234,83.0062910526,86.7279916032,90.3898733634,94.0019930394,97.5720677442,101.106157911,104.609115002,108.084885851,111.536725904,114.967352527,118.379057682,121.773792349,125.153230863
53.4603471782,59.0427388014,63.8490955355,68.272288554,72.4583068162,76.4804807232,80.3817330129,84.189679349,87.9232752726,91.5961617977,95.2185164238,98.7981522965,102.341207841,105.852598976,109.336326589,112.795692014,116.23345199,119.651932568,123.053114487,126.438698237
54.5058216529,60.1196589726,64.9501657449,69.3935516002,73.5971191186,77.6348932115,81.550222798,85.3710101008,89.1164156779,92.8002339615,96.4327612261,100.021905051,103.573880561,107.093667073,110.585318644,114.052181761,117.497051905,120.922288688,124.329902141,127.721618513
55.5506899458,61.1955895766,66.0499746518,70.5133426696,74.7342894302,78.7875233639,82.7168127307,86.5503416661,90.3074724011,94.0021502753,97.6447883953,101.243387232,104.804237365,108.332380487,111.831922974,115.306255749,118.758212434,122.190185677,125.604214361,129.002050105
56.5949720115,62.2705622294,67.1485615125,71.6317064797,75.8698665055,79.9384229577,83.8815568524,87.7277297663,91.4965023825,95.2019685306,98.854656276,102.462657496,106.032337022,109.568797932,113.076198106,116.557972208,120.016991413,123.455680907,126.876107989,130.280049275
57.6386867703,63.3446069518,68.2459636497,72.7486855946,77.0038968005,81.0876413789,85.0445067584,88.9032276484,92.6835600813,96.399744046,100.062420761,103.679772074,107.25823591,110.802975781,114.318200269,117.807387115,121.273444481,124.718829599,128.14563777,131.555670241
